6
15664_1_-_87415_S75_ConsensusRound1_GapsFilled_assembled_to_AF411967_FULL_consensus_sequence       0.0000000 0.0223327 0.0187161 0.0591398 0.0170016 0.0189196 
15664_2_-_504194_S38_ConsensusRound1_GapsFilled_assembled_to_AF411967_FULL_consensus_sequence      0.0223327 0.0000000 0.0055114 0.0561198 0.0137481 0.0095330 
15664_3_-_504202_S46_ConsensusRound1_GapsFilled_assembled_to_AF411967_FULL_consensus_sequence      0.0187161 0.0055114 0.0000000 0.0581250 0.0100797 0.0082815 
15664_4_-_TASPX119494_S74_ConsensusRound1_GapsFilled_assembled_to_AF411967_FULL_consensus_sequence 0.0591398 0.0561198 0.0581250 0.0000000 0.0576379 0.0570211 
15664_5_-_504210_S54_ConsensusRound1_GapsFilled_assembled_to_AF411967_FULL_consensus_sequence      0.0170016 0.0137481 0.0100797 0.0576379 0.0000000 0.0097018 
15664_6_-_504217_S61_ConsensusRound1_GapsFilled_assembled_to_AF411967_FULL_consensus_sequence      0.0189196 0.0095330 0.0082815 0.0570211 0.0097018 0.0000000 
