6
16207_1_-_504230_S74_ConsensusRound1_GapsFilled_assembled_to_AF411967_FULL_consensus_sequence 0.0000000 0.0213769 0.0069703 0.0263348 0.0203863 0.0263850 
16207_2_-_504181_S25_ConsensusRound1_GapsFilled_assembled_to_AF411967_FULL_consensus_sequence 0.0213769 0.0000000 0.0237947 0.0069338 0.0109899 0.0062659 
16207_3_-_504231_S75_ConsensusRound1_GapsFilled_assembled_to_AF411967_FULL_consensus_sequence 0.0069703 0.0237947 0.0000000 0.0305339 0.0245087 0.0294350 
16207_4_-_79504_S23_ConsensusRound1_GapsFilled_assembled_to_AF411967_FULL_consensus_sequence  0.0263348 0.0069338 0.0305339 0.0000000 0.0099223 0.0072616 
16207_5_-_504182_S26_ConsensusRound1_GapsFilled_assembled_to_AF411967_FULL_consensus_sequence 0.0203863 0.0109899 0.0245087 0.0099223 0.0000000 0.0096808 
16207_6_-_504185_S29_ConsensusRound1_GapsFilled_assembled_to_AF411967_FULL_consensus_sequence 0.0263850 0.0062659 0.0294350 0.0072616 0.0096808 0.0000000 
